#1
double brcm(6,2)
0  1.05
1  1.00
2  0.90
3  0.70
4  0.60
5  0.55
double brfm(5,2)
0  0.0
1  1.0
2  1.6
3  1.9
4  2.0
double brmm(6,2)
0  1.20
1  1.00
2  0.85
3  0.75
4  0.70
5  0.70
double brpm(7,2)
0   1.02
10  0.90
20  0.70
30  0.40
40  0.25
50  0.15
60  0.10
double cfifr(5,2)
0.00  1.00
0.50  0.60
1.00  0.30
1.50  0.15
2.00  0.10
double cim(6,2)
0  0.1
1  1.0
2  1.8
3  2.4
4  2.8
5  3.0
double ciqr(5,2)
0.0  0.7
0.5  0.8
1.0  1.0
1.5  1.5
2.0  2.0
double drcm(6,2)
0  0.9
1  1.0
2  1.2
3  1.5
4  1.9
5  3.0
double drfm(9,2)
0.00  30.0
0.25  3.0
0.50  2.0
0.75  1.4
1.00  1.0
1.25  0.7
1.50  0.6
1.75  0.5
2.00  0.5
double drmm(11,2)
0.0  3.00
0.5  1.80
1.0  1.00
1.5  0.80
2.0  0.70
2.5  0.60
3.0  0.53
3.5  0.50
4.0  0.50
4.5  0.50
5.0  0.50
double drpm(7,2)
0   0.92
10  1.30
20  2.00
30  3.20
40  4.80
50  6.80
60  9.20
double fcm(6,2)
0  2.4
1  1.0
2  0.6
3  0.4
4  0.3
5  0.2
double fpci(7,2)
0  0.50
1  1.00
2  1.40
3  1.70
4  1.90
5  2.05
6  2.20
double fpm(7,2)
0   1.02
10  0.90
20  0.65
30  0.35
40  0.20
50  0.10
60  0.05
double nrem(5,2)
0.00  0.00
0.25  0.15
0.50  0.50
0.75  0.85
1.00  1.00
double nrmm(11,2)
0  0.00
1  1.00
2  1.80
3  2.40
4  2.90
5  3.30
6  3.60
7  3.80
8  3.90
9  3.95
10  4.00
double polat(7,2)
0   0.6
10  2.5
20  5.0
30  8.0
40  11.5
50  15.5
60  20.0
double polcm(6,2)
0  0.05
1  1.00
2  3.00
3  5.40
4  7.40
5  8.00
double qlc(11,2)
0.0  2.00
0.5  1.30
1.0  1.00
1.5  0.75
2.0  0.55
2.5  0.45
3.0  0.38
3.5  0.30
4.0  0.25
4.5  0.22
5.0  0.20
double qlf(5,2)
0  0.0
1  1.0
2  1.8
3  2.4
4  2.7
double qlm(6,2)
0  0.2
1  1.0
2  1.7
3  2.3
4  2.7
5  2.9
double qlp(7,2)
0   1.04
10  0.85
20  0.60
30  0.30
40  0.15
50  0.05
60  0.02
